0.9721551868394553 0.4469649288383059 1 0 0 0
0.9721551868394553 1.3929224501892266 0 1 0 0
-0.2397925082408991 -0.18367341872897536 0 0 0 1
1.8378321118968513 -1.2872905269717163 0 1 0 0
-0.5860632782638575 -1.2872905269717163 0 0 1 0
0.799019801827976 -1.129630940079896 0 0 1 0
-0.5860632782638575 0.6834543091760358 0 0 0 1
1.3184259568624137 -0.05229042965245785 0 0 0 1
-0.06665712322941988 1.077603276405586 0 1 0 0
0.9721551868394553 0.15792235286996922 0 0 1 0
-0.4129278932523783 0.18419895068527203 0 0 0 1
-1.6248755883327326 -0.20995001654427817 0 0 1 0
-0.06665712322941988 0.28930534194648555 0 1 0 0
0.6258844168164969 0.7360075048066426 0 1 0 0
0.799019801827976 -0.20995001654427817 0 1 0 0
-0.2397925082408991 -0.15739682091367138 0 0 0 1
0.799019801827976 -2.5485672221062776 1 0 0 0
1.664696726885372 1.2615394611127102 0 0 0 1
-0.2397925082408991 -0.3938862012514013 0 0 0 1
-0.06665712322941988 -0.23622661435958214 0 1 0 0
0.2796136467935385 -0.05229042965245785 0 1 0 0
1.3184259568624137 -0.20995001654427817 1 0 0 0
-2.1442817433671704 -1.2347373313411096 0 0 1 0
-1.2786048183097742 -0.6829287772197391 0 0 0 1
-0.2397925082408991 -1.9442054723543005 0 0 1 0
0.6258844168164969 1.6031352327116537 0 1 0 0
-0.06665712322941988 -0.9719713531880757 0 1 0 0
0.2796136467935385 0.9462202873290696 0 1 0 0
-0.7591986632753367 -1.1033543422645922 0 0 0 1
-0.7591986632753367 0.3681351353923951 0 0 0 1
0.9721551868394553 0.34185853757709234 0 0 0 1
-0.2397925082408991 -2.5485672221062776 0 1 0 0
-0.7591986632753367 -1.78654588546248 0 1 0 0
-0.7591986632753367 -0.5778223859585255 0 0 1 0
-0.7591986632753367 0.4732415266536087 0 0 1 0
-0.06665712322941988 -1.3398437226023232 0 1 0 0
0.2796136467935385 1.576858634896351 0 0 1 0
0.4527490318050177 0.34185853757709234 0 0 0 1
-0.2397925082408991 1.0250500807749792 0 1 0 0
-0.2397925082408991 -2.285801243953244 0 1 0 0
0.2796136467935385 -0.44643939688200807 0 1 0 0
-1.2786048183097742 -0.44643939688200807 1 0 0 0
0.4527490318050177 1.6031352327116537 0 0 1 0
1.3184259568624137 1.6031352327116537 0 0 1 0
0.4527490318050177 0.9724968851443724 0 0 1 0
-0.9323340482868159 0.00026276597814892046 0 0 0 1
1.3184259568624137 0.6046245157301262 0 0 0 1
-0.5860632782638575 -0.5252691903279187 0 0 1 0
-0.2397925082408991 0.10536915723936247 0 0 1 0
0.4527490318050177 -0.7092053750350419 0 0 1 0
-0.2397925082408991 -0.6040989837738283 1 0 0 0
0.4527490318050177 -0.026013831837155048 0 0 1 0
0.2796136467935385 -0.5778223859585255 0 1 0 0
-2.4905525133901287 -0.9982479510033797 0 0 1 0
-0.06665712322941988 -0.8668649619268622 0 1 0 0
0.4527490318050177 -0.5778223859585255 0 1 0 0
-1.4517402033212534 -1.839099081093087 0 1 0 0
-0.4129278932523783 1.0250500807749792 0 1 0 0
-0.2397925082408991 -1.1559075378951988 0 1 0 0
-0.7591986632753367 1.6031352327116537 0 0 1 0
1.8378321118968513 -0.20995001654427817 0 0 1 0
-0.5860632782638575 1.6031352327116537 1 0 0 0
0.4527490318050177 0.3155819397617884 0 1 0 0
0.10647826178205931 -1.4975033094941435 0 0 0 1
1.8378321118968513 -0.6303755815891323 0 0 0 1
-1.2786048183097742 -0.5778223859585255 0 1 0 0
0.4527490318050177 0.8936670916984628 0 0 1 0
-1.6248755883327326 0.3155819397617884 0 0 1 0
1.8378321118968513 0.5520713200995194 0 1 0 0
0.4527490318050177 -0.23622661435958214 0 1 0 0
0.2796136467935385 1.4454756458198335 0 0 0 1
1.8378321118968513 1.3403692545586199 0 1 0 0
-0.9323340482868159 0.10536915723936247 0 1 0 0
1.3184259568624137 0.9199436895137668 0 0 0 1
-1.2786048183097742 0.00026276597814892046 0 1 0 0
-1.105469433298295 0.15792235286996922 0 0 1 0
1.1452905718509345 1.4454756458198335 0 0 1 0
0.2796136467935385 0.10536915723936247 0 0 1 0
-0.2397925082408991 0.5783479179148222 0 0 1 0
0.799019801827976 -0.6566521794044351 0 1 0 0
1.8378321118968513 0.3944117332076991 0 0 1 0
0.799019801827976 -1.0245245488186825 0 0 0 1
0.799019801827976 0.7360075048066426 0 1 0 0
-0.4129278932523783 -0.5252691903279187 0 1 0 0
0.10647826178205931 -0.20995001654427817 0 0 0 1
0.6258844168164969 1.4717522436351373 0 1 0 0
-0.2397925082408991 0.5257947222842154 0 1 0 0
-0.2397925082408991 -1.0770777444492894 1 0 0 0
-1.4517402033212534 1.3929224501892266 0 0 0 1
1.8378321118968513 1.6031352327116537 0 0 1 0
-1.2786048183097742 -0.3938862012514013 0 0 0 1
-0.7591986632753367 -0.42016279906670523 0 0 0 1
-0.06665712322941988 -0.7092053750350419 0 0 1 0
1.4915613418738929 -0.10484362528306462 0 1 0 0
-2.1442817433671704 -1.0245245488186825 0 1 0 0
-0.5860632782638575 -1.2084607335258057 0 0 0 1
0.9721551868394553 1.6031352327116537 1 0 0 0
-0.06665712322941988 -1.2084607335258057 0 1 0 0
-1.4517402033212534 -2.968992787151132 0 0 0 1
-0.9323340482868159 -1.602609700755357 0 0 1 0
-1.7980109733442118 0.10536915723936247 0 0 1 0
-2.1442817433671704 -1.2872905269717163 1 0 0 0
1.8378321118968513 1.6031352327116537 0 1 0 0
-0.5860632782638575 -2.02303526580021 0 1 0 0
1.1452905718509345 0.657177711360733 1 0 0 0
-1.105469433298295 -0.6566521794044351 0 0 1 0
-0.06665712322941988 -1.3923969182329299 0 0 0 1
-1.6248755883327326 -0.6303755815891323 0 1 0 0
-1.105469433298295 0.49951812446891264 0 1 0 0
0.6258844168164969 -0.8405883641115595 0 0 1 0
-0.4129278932523783 -0.919418157557469 1 0 0 0
-0.06665712322941988 0.02653936379345172 0 0 1 0
-0.4129278932523783 1.10387987422089 1 0 0 0
-0.7591986632753367 -1.5237799073094462 0 0 1 0
0.4527490318050177 1.4454756458198335 0 1 0 0
0.799019801827976 -0.5252691903279187 0 0 0 1
-0.9323340482868159 0.49951812446891264 1 0 0 0
0.2796136467935385 -1.4186735160482327 0 1 0 0
0.4527490318050177 -0.10484362528306462 0 0 1 0
0.2796136467935385 1.0250500807749792 0 0 1 0
0.10647826178205931 -0.44643939688200807 1 0 0 0
0.2796136467935385 0.5783479179148222 1 0 0 0
0.2796136467935385 -0.15739682091367138 0 0 1 0
0.6258844168164969 -0.15739682091367138 0 1 0 0
-0.5860632782638575 -0.2625032121748849 1 0 0 0
-1.7980109733442118 -1.1821841357105027 0 0 1 0
0.4527490318050177 1.4717522436351373 0 1 0 0
-0.4129278932523783 -0.2887798099901889 1 0 0 0
0.9721551868394553 -1.1821841357105027 0 1 0 0
0.799019801827976 -0.3150564078054917 0 1 0 0
-1.7980109733442118 -0.15739682091367138 0 0 0 1
-0.2397925082408991 -0.07856702746776181 0 0 1 0
-0.06665712322941988 0.9987734829596764 0 0 0 1
-0.9323340482868159 0.4732415266536087 0 1 0 0
0.10647826178205931 -0.18367341872897536 0 1 0 0
-0.06665712322941988 0.18419895068527203 0 1 0 0
0.10647826178205931 0.630901113545429 0 0 1 0
-0.7591986632753367 -1.2084607335258057 0 0 0 1
-0.4129278932523783 1.0250500807749792 0 0 0 1
1.8378321118968513 0.210475548500576 0 0 1 0
0.9721551868394553 1.6031352327116537 0 1 0 0
-1.105469433298295 0.9987734829596764 0 0 1 0
-1.4517402033212534 -0.9719713531880757 1 0 0 0
-1.7980109733442118 -0.026013831837155048 0 1 0 0
0.2796136467935385 -0.5515457881432216 0 1 0 0
-0.5860632782638575 0.3155819397617884 0 1 0 0
0.9721551868394553 0.6834543091760358 0 1 0 0
1.1452905718509345 1.287816058928013 0 0 1 0
-0.9323340482868159 -2.02303526580021 0 1 0 0
0.2796136467935385 0.630901113545429 0 1 0 0
0.2796136467935385 0.841113896067856 1 0 0 0
-1.105469433298295 -1.366120320417626 0 1 0 0
-0.5860632782638575 -1.7339926898318734 0 1 0 0
-0.2397925082408991 0.5257947222842154 0 1 0 0
0.9721551868394553 1.1301564720361927 0 0 1 0
-0.9323340482868159 -2.2069714505073343 1 0 0 0
1.8378321118968513 0.3681351353923951 1 0 0 0
0.4527490318050177 -1.1821841357105027 0 1 0 0
0.6258844168164969 -1.2610139291564124 0 0 1 0
-0.06665712322941988 -0.4989925925126148 0 1 0 0
-1.7980109733442118 -0.1311202230983686 0 0 1 0
-0.4129278932523783 -0.6040989837738283 0 0 1 0
0.9721551868394553 -0.2887798099901889 1 0 0 0
-1.105469433298295 -0.6303755815891323 0 0 0 1
0.10647826178205931 -0.2887798099901889 0 0 1 0
0.2796136467935385 -0.7880351684809527 0 0 0 1
-0.2397925082408991 -0.5252691903279187 0 0 1 0
0.6258844168164969 -0.6566521794044351 0 1 0 0
1.8378321118968513 0.7097309069913398 1 0 0 0
0.4527490318050177 0.7360075048066426 0 0 1 0
0.10647826178205931 -1.0770777444492894 0 1 0 0
-0.4129278932523783 0.26302874413118277 0 1 0 0
-0.5860632782638575 -0.6303755815891323 0 0 1 0
-0.06665712322941988 1.6031352327116537 0 1 0 0
-0.5860632782638575 -1.8653756789083897 0 0 1 0
0.9721551868394553 0.86739049388316 0 1 0 0
-0.9323340482868159 0.13164575505466528 0 0 1 0
0.10647826178205931 0.4469649288383059 0 1 0 0
1.3184259568624137 -1.1033543422645922 0 1 0 0
1.1452905718509345 0.15792235286996922 0 0 0 1
0.6258844168164969 0.630901113545429 0 1 0 0
1.1452905718509345 0.28930534194648555 0 0 1 0
-0.5860632782638575 1.3403692545586199 0 0 1 0
-1.971146358355691 -2.1806948526920302 0 0 1 0
1.8378321118968513 0.9199436895137668 1 0 0 0
-1.2786048183097742 0.15792235286996922 0 1 0 0
0.6258844168164969 1.287816058928013 0 1 0 0
0.6258844168164969 0.5257947222842154 0 0 1 0
0.2796136467935385 0.02653936379345172 0 1 0 0
1.8378321118968513 0.10536915723936247 0 1 0 0
-1.4517402033212534 0.05281596160875569 0 0 0 1
-1.6248755883327326 -0.8143117662962555 0 1 0 0
-0.4129278932523783 -0.7092053750350419 1 0 0 0
-0.7591986632753367 -1.0770777444492894 0 0 1 0
-0.06665712322941988 0.49951812446891264 1 0 0 0
0.2796136467935385 0.15792235286996922 0 1 0 0
0.10647826178205931 0.2367521463158788 0 1 0 0
-0.9323340482868159 0.15792235286996922 0 1 0 0
-1.7980109733442118 -1.2610139291564124 0 0 0 1
0.2796136467935385 -0.42016279906670523 0 0 1 0
1.1452905718509345 -0.20995001654427817 1 0 0 0
1.1452905718509345 1.6031352327116537 0 0 1 0
1.8378321118968513 1.314092656743317 0 1 0 0
1.8378321118968513 1.6031352327116537 1 0 0 0
-0.5860632782638575 1.6031352327116537 0 1 0 0
0.10647826178205931 -0.6303755815891323 0 1 0 0
0.2796136467935385 1.6031352327116537 1 0 0 0
0.9721551868394553 -0.8143117662962555 0 1 0 0
-0.5860632782638575 -1.0770777444492894 0 1 0 0
0.2796136467935385 1.4717522436351373 0 0 1 0
0.2796136467935385 -0.472715994697312 0 0 0 1
-0.9323340482868159 -0.9719713531880757 1 0 0 0
-1.6248755883327326 -0.42016279906670523 0 0 0 1
0.799019801827976 0.8148372982525532 0 1 0 0
-0.5860632782638575 -0.10484362528306462 0 0 1 0
-1.105469433298295 -1.9967586679849072 0 1 0 0
0.10647826178205931 -0.026013831837155048 0 0 1 0
-0.2397925082408991 -1.78654588546248 0 0 1 0
0.10647826178205931 0.49951812446891264 1 0 0 0
0.9721551868394553 0.34185853757709234 0 1 0 0
0.10647826178205931 -1.4975033094941435 0 0 0 1
-0.5860632782638575 -0.7617585706656487 0 0 0 1
-2.1442817433671704 -0.6303755815891323 0 0 1 0
-0.9323340482868159 0.841113896067856 0 0 0 1
1.8378321118968513 -0.8931415597421661 0 1 0 0
0.6258844168164969 -0.1311202230983686 0 0 1 0
1.8378321118968513 0.8936670916984628 1 0 0 0
-0.4129278932523783 0.28930534194648555 0 1 0 0
1.4915613418738929 1.6031352327116537 1 0 0 0
-0.4129278932523783 0.26302874413118277 1 0 0 0
0.799019801827976 0.2367521463158788 0 0 1 0
0.2796136467935385 0.7885607004372494 0 0 1 0
0.4527490318050177 -1.5763331029400531 0 1 0 0
-0.4129278932523783 -1.8128224832777828 0 1 0 0
-0.2397925082408991 -0.07856702746776181 1 0 0 0
0.9721551868394553 1.6031352327116537 1 0 0 0
1.1452905718509345 1.1827096676667994 0 0 1 0
-0.9323340482868159 0.02653936379345172 0 1 0 0
-1.105469433298295 0.657177711360733 1 0 0 0
-1.105469433298295 -0.8405883641115595 0 1 0 0
-1.105469433298295 -1.2084607335258057 0 0 1 0
1.4915613418738929 -0.10484362528306462 0 0 1 0
0.9721551868394553 1.1564330698514966 0 1 0 0
1.3184259568624137 -0.1311202230983686 0 0 0 1
0.2796136467935385 0.49951812446891264 0 1 0 0
-1.6248755883327326 -0.8931415597421661 0 1 0 0
0.2796136467935385 0.630901113545429 0 0 1 0
0.4527490318050177 1.4191990480045305 0 1 0 0
-0.06665712322941988 0.4732415266536087 0 0 1 0
-0.5860632782638575 -0.23622661435958214 0 1 0 0
1.1452905718509345 0.9987734829596764 0 0 1 0
-0.7591986632753367 -0.20995001654427817 0 0 1 0
-1.6248755883327326 -0.026013831837155048 0 1 0 0
0.6258844168164969 0.5520713200995194 0 0 1 0
0.6258844168164969 -0.18367341872897536 1 0 0 0
-1.6248755883327326 -1.2084607335258057 0 0 1 0
0.6258844168164969 0.15792235286996922 0 0 0 1
0.4527490318050177 1.10387987422089 0 1 0 0
-0.7591986632753367 1.4717522436351373 0 0 0 1
-0.2397925082408991 0.7885607004372494 0 0 1 0
-0.7591986632753367 -0.9456947553727729 0 0 1 0
1.664696726885372 1.6031352327116537 0 1 0 0
-0.06665712322941988 -0.3676096034360985 1 0 0 0
1.3184259568624137 1.6031352327116537 0 0 1 0
1.1452905718509345 0.02653936379345172 0 0 1 0
0.6258844168164969 0.26302874413118277 0 1 0 0
0.2796136467935385 -0.05229042965245785 1 0 0 0
-1.7980109733442118 0.5783479179148222 0 0 1 0
-0.06665712322941988 -0.18367341872897536 0 1 0 0
-1.971146358355691 -0.6566521794044351 1 0 0 0
0.9721551868394553 0.6834543091760358 0 1 0 0
1.4915613418738929 -1.5237799073094462 1 0 0 0
-0.06665712322941988 0.7885607004372494 1 0 0 0
1.8378321118968513 1.6031352327116537 0 0 0 1
-1.105469433298295 1.576858634896351 0 0 1 0
-0.9323340482868159 1.6031352327116537 0 1 0 0
-0.7591986632753367 -0.10484362528306462 0 1 0 0
-1.105469433298295 0.13164575505466528 0 1 0 0
-0.5860632782638575 -1.8128224832777828 0 0 1 0
0.2796136467935385 1.4717522436351373 0 0 1 0
-1.7980109733442118 0.5257947222842154 0 0 0 1
-0.7591986632753367 -0.6829287772197391 0 1 0 0
0.6258844168164969 0.13164575505466528 0 1 0 0
0.4527490318050177 -0.5252691903279187 0 0 0 1
-0.2397925082408991 0.2367521463158788 0 1 0 0
0.2796136467935385 -0.8405883641115595 0 1 0 0
-0.4129278932523783 -0.026013831837155048 0 0 0 1
-0.4129278932523783 0.9987734829596764 0 1 0 0
-0.4129278932523783 1.1827096676667994 0 1 0 0
-0.06665712322941988 -0.07856702746776181 0 1 0 0
-0.06665712322941988 0.18419895068527203 0 0 0 1
1.664696726885372 1.077603276405586 0 0 1 0
1.8378321118968513 1.524305439265744 1 0 0 0
0.10647826178205931 0.657177711360733 0 0 1 0
-1.105469433298295 0.657177711360733 0 0 1 0
-1.6248755883327326 -0.10484362528306462 0 0 1 0
-0.4129278932523783 -0.5778223859585255 1 0 0 0
0.6258844168164969 0.210475548500576 0 0 1 0
0.10647826178205931 0.5257947222842154 0 1 0 0
-0.4129278932523783 -0.6829287772197391 0 1 0 0
0.2796136467935385 -0.23622661435958214 1 0 0 0
0.799019801827976 1.576858634896351 0 0 1 0
0.10647826178205931 0.210475548500576 0 1 0 0
0.6258844168164969 0.8148372982525532 0 0 0 1
0.10647826178205931 0.02653936379345172 0 0 1 0
0.6258844168164969 1.6031352327116537 1 0 0 0
0.4527490318050177 0.28930534194648555 0 1 0 0
-0.5860632782638575 0.9199436895137668 0 0 0 1
-0.2397925082408991 1.6031352327116537 0 0 1 0
-0.06665712322941988 0.3155819397617884 0 1 0 0
0.6258844168164969 0.7360075048066426 0 0 1 0
-0.4129278932523783 -0.9719713531880757 0 0 0 1
-0.06665712322941988 0.02653936379345172 0 0 0 1
0.2796136467935385 1.6031352327116537 0 1 0 0
0.9721551868394553 0.4469649288383059 0 1 0 0
-0.06665712322941988 0.02653936379345172 0 1 0 0
1.3184259568624137 0.34185853757709234 0 0 0 1
1.8378321118968513 1.3666458523739238 0 0 1 0
-0.5860632782638575 -0.3676096034360985 0 0 1 0
1.8378321118968513 0.9462202873290696 0 1 0 0
-0.4129278932523783 -1.5237799073094462 0 0 1 0
1.4915613418738929 -1.0245245488186825 0 1 0 0
0.799019801827976 1.5505820370810468 0 1 0 0
1.3184259568624137 0.3944117332076991 1 0 0 0
-0.4129278932523783 -0.2887798099901889 0 0 1 0
-0.06665712322941988 0.18419895068527203 0 0 1 0
-0.06665712322941988 1.6031352327116537 0 0 1 0
-0.9323340482868159 -0.6829287772197391 0 1 0 0
0.10647826178205931 0.3944117332076991 1 0 0 0
-1.971146358355691 -0.3150564078054917 0 0 1 0
0.6258844168164969 1.4454756458198335 0 1 0 0
-0.4129278932523783 1.4454756458198335 0 0 1 0
-1.6248755883327326 0.6834543091760358 0 1 0 0
-0.4129278932523783 0.00026276597814892046 0 0 1 0
1.8378321118968513 1.6031352327116537 0 0 1 0
-2.4905525133901287 -1.2347373313411096 0 0 0 1
-0.9323340482868159 -1.8916522767236936 0 1 0 0
-0.7591986632753367 -0.9982479510033797 0 0 0 1
-0.7591986632753367 1.287816058928013 0 0 0 1
0.10647826178205931 1.314092656743317 0 0 1 0
0.799019801827976 1.2089862654821035 0 0 1 0
-1.971146358355691 -1.0245245488186825 0 0 1 0
0.10647826178205931 -0.6829287772197391 0 1 0 0
-0.4129278932523783 0.3155819397617884 0 1 0 0
-1.105469433298295 -1.0770777444492894 1 0 0 0
0.6258844168164969 -0.20995001654427817 0 0 0 1
-0.06665712322941988 -0.2625032121748849 0 0 0 1
-1.6248755883327326 -0.07856702746776181 0 1 0 0
1.8378321118968513 -0.44643939688200807 1 0 0 0
-1.4517402033212534 -1.129630940079896 1 0 0 0
1.8378321118968513 0.8148372982525532 1 0 0 0
0.2796136467935385 -0.8931415597421661 0 1 0 0
0.799019801827976 1.3403692545586199 1 0 0 0
0.799019801827976 0.9724968851443724 0 0 1 0
0.9721551868394553 1.6031352327116537 0 0 1 0
1.664696726885372 -0.44643939688200807 0 1 0 0
0.10647826178205931 -0.10484362528306462 0 1 0 0
-0.4129278932523783 -0.15739682091367138 0 0 1 0
-0.4129278932523783 -0.4989925925126148 1 0 0 0
-1.2786048183097742 -1.6551628963859637 0 1 0 0
